18212.9
0
184
183
169
167
156
155
140
141
154
157
158
153
142
143
152
159
160
151
150
145
149
133
137
132
131
144
134
135
136
129
130
128
127
126
125
124
123
119
122
120
121
112
113
138
139
111
110
109
108
107
106
103
102
101
104
105
100
99
114
115
116
117
118
67
68
82
83
81
77
76
73
74
75
98
97
96
95
94
79
78
80
84
85
87
86
93
92
91
88
89
90
66
65
64
63
51
50
62
61
60
40
41
42
43
44
45
46
47
48
49
52
53
54
55
56
57
58
59
39
38
37
36
35
34
33
32
31
30
29
27
28
72
71
70
69
26
25
24
23
22
21
20
19
18
17
16
15
14
13
12
11
10
9
8
7
6
5
4
3
2
1
148
146
147
161
162
163
164
165
168
166
170
171
172
173
174
175
176
177
178
179
180
181
182
185
186
187
188
189
190
191
192
193
194
195
196
197